968317
891627
397285
106089
94104
1240318
972327
1111888
494187
1219473
581484
4629386
507139
5215248
5217306
1179112
993581
1254782
4413226
740965
1103796
229406
1046219
397296
589079
7092637
277886
927601
280144
488230
277762
4479877
1045247
774749
842279
394398
325756
79545
5282042
94269
840937
493891
841800
439607
401467
4537503
5309089
5433750
1073233
840013
4743388
1404563
79439
596357
161045
1040981
757563
1411403
424972
414521
794329
580219
1302593
1008620
892519
4821614
1380922
94568
1184919
1142523
954874
5377685
4889469
271510
1008910
673375
618917
430610
1040581
968550
5115247
4292322
1006667
745552
1184077
567060
420228
5354983
5502442
1436213
397463
405635
229091
892305
1233512
1363067
790340
5436874
1118044
741264
428856
5264177
411764
4780867
972822
6588288
2043522
1355224
430522
1254369
1154580
471793
1397287
4696240
94911
399984
4530540
1271935
587175
489273
893915
843139
271679
5459208
474730
5271175
444915
4922691
1111819
5454686
407338
401513
1346578
4752901
8306709
5081803
424953
94378
1224106
5509770
4630370
843688
957243
1383748
439912
1171896
1374412
986620
6063930
231132
1047639
308615
6297826
461762
819036
152756
498658
1188042
6709497
842134
564913
4782450
4947453
2043531
774514
4924735
7238541
4551592
1200404
574482
585183
77304
541017
1007679
258363
4909058
1234914
742590
1008939
5512171
1330736
5105099
494183
1007944
1212458
4394781
776449
1343419
1045558
4541468
453172
468815
1045950
1145314
455618
160956
1252173
1219922
4890200
1178611
466902
5851047
5172937
493908
4889481
1048362
4858971
1237989
840618
574474
5431384
1167800
647717
512503
4753462
1283882
1202083
1189480
565193
95613
1380121
5453106
665224
5400701
229165
838073
764976
6789622
395102
325779
4913212
4441325
397154
1181436
794531
7244528
5203054
408907
5237655
397353
256373
1451298
4913178
469754
277608
259877
277601
840471
1161755
1290592
5025973
1267338
567999
1237991
818890
7670544
4541932
1274369
1318600
373053
1111962
78660
1379790
715009
6756127
1304560
89612
579670
4747019
676333
681729
405647
6633827
913036
1008976
648747
79839
790348
1186145
1318318
893837
260955
1321460
280134
6455278
818871
4918518
8624304
470801
5154852
1117978
4412502
79512
4368464
93939
900038
7868246
1048099
825923
883053
716703
1255323
5066029
5451348
422916
882258
448429
4456536
696820
5235213
1366216
1244979
1216629
597534
1355161
611388
1309187
4859943
580577
1263675
1111795
574442
7138360
579669
745584
251934
1402936
399972
5406555
4429528
4640917
79862
1291606
89543
4653555
420095
958534
1319060
4501912
972204
6358214
1138381
431078
244384
79863
4891365
1236291
89628
478013
4782998
402506
1158929
829727
4994536
1347460
500289
6269057
397487
231140
95236
1314474
891605
232084
229195
161106
1378832
1354402
277567
1320378
820516
574240
5071436
891629
422961
7519839
4836309
644513
301080
4417005
1033099
494449
771391
1404368
5138508
1355289
256421
1251522
5357385
806687
178702
1005056
229646
1112258
416316
679817
252001
5364708
1323571
1384324
1274538
1309178
4959215
4412019
933309
1186147
1112932
766973
5376882
420178
420320
1108755
804670
1256142
603119
445866
1347314
1344919
5098438
1197818
793629
5010965
229713
1369436
693291
4355980
408341
1168756
726961
161155
4908809
1355725
5404750
580379
419508
84957
669264
1368095
1156854
471408
4528190
4433308
327395
924226
891592
4645992
4629228
731699
1324140
8872473
4715491
447444
256155
946974
5041204
4672145
1186265
229212
94685
5213780
569824
258130
231082
89550
1209195
4484313
568028
1046653
679833
161259
1072950
890417
89624
420132
4967577
256126
565830
257333
784433
1007592
1412232
5428440
1123486
1111803
325780
1112770
252064
1114060
5396744
6295137
952153
95235
6288928
77294
1388775
892094
494812
394051
427906
405787
736271
7674573
6451979
4547591
1276244
453378
1231057
695883
501861
713617
4545645
302061
1316546
1047701
4925926
5080611
1347449
5497987
451398
975207
402967
880627
256440
419613
277927
1390145
1320688
841479
397414
6095983
1140184
431236
1046655
1227497
891586
772255
742597
4548134
1118085
4973085
1322700
804999
5397565
258395
5265704
416249
5119526
4538177
1044269
843783
1322889
1178915
4398387
1309569
764111
229226
1245273
231225
230198
1345701
660896
103151
1344107
1237391
422965
6143763
1291007
1368895
401483
958580
1230284
718238
256486
1167442
1113149
1297212
431245
5247463
1200397
1355521
840646
651583
491881
1115432
331728
5364998
1321890
401477
1311068
5376350
4382815
661005
507251
933717
948258
1390154
652784
4542559
46435
7316636
4947997
6634390
1363973
418345
401503
1101303
277374
4296824
1046113
94855
837986
5215494
1343715
958499
5305426
5609999
77374
943390
271690
399903
437327
258132
1174012
386652
1047898
574644
4746130
861630
582232
418674
1296004
5024436
4533466
8719683
1287177
5318596
1366077
802963
1113026
257385
4385347
1111030
971144
745548
5354964
1346670
260845
927722
491933
929482
95341
5098385
933841
281897
6226439
988057
4416352
1045632
1171899
907725
229380
4676710
6977352
1272394
1008652
727628
4489225
392542
772233
893490
570107
1191269
396507
5368744
406299
1056155
422960
405743
5174577
722999
573358
5057913
994602
762100
422958
4552367
5067955
451126
94267
5250072
468820
277577
4747375
1044144
2000491
9167314
1046273
571864
981281
1253036
4490413
1281965
229206
262317
161014
507252
957245
5025946
674076
4970691
5450125
662539
984256
251692
1008373
5376263
4957956
298579
1209781
1437561
1335812
1115332
1209828
1431989
839184
4295985
1008088
339359
325787
818770
5444573
1304442
888610
408438
260963
89601
4383147
446121
4988959
431133
1008545
302042
418744
718239
669463
922144
229599
4529593
344207
5212160
6055129
444728
441286
1049047
5454074
1194413
4477130
4635351
231026
5098077
1407221
5258187
4711938
1320613
1045491
229268
5131394
94930
4644331
428976
4750038
94491
1228688
1405668
1355149
788496
842682
474837
5396788
517982
85184
679565
229803
95196
4629216
229647
966939
494548
456501
891600
889347
5515196
1210572
438227
840056
426335
1397289
4901731
5009482
1200704
1199646
1244945
229154
258286
574876
7098905
1268601
1346343
277676
707089
460138
4507194
1131480
1404674
678211
79864
775580
325782
5421856
1178662
102709
5245003
89599
228535
4501342
4362640
933728
789972
891436
842060
1111008
652838
407017
271787
745562
840105
445123
6581197
938683
789868
460496
400030
257979
1323119
4785333
532957
1115283
4414584
412006
4659235
1046111
841000
414893
5326392
5963121
7232601
999246
576152
4877945
592248
1309604
4510176
6099833
1273058
6458996
8656305
692186
44955
7223070
1268808
493902
885660
397403
1289949
229039
678750
88717
938852
1179554
570059
1045246
891656
1252269
709231
409063
977496
851914
818589
690189
5003697
94295
1412464
7421369
343874
5259174
5999359
1103866
4859755
5131361
1348568
1046497
463608
1431104
627475
1312714
5076661
1008981
1227836
645466
255346
721635
1242007
521615
1113072
431109
468116
231903
94657
5244713
7772320
734112
574433
506140
1240112
102862
1363103
1114955
5143508
590631
152833
4396164
659266
1392527
5066760
395052
661145
1173528
80254
972195
681050
5053579
545651
5106451
436178
585336
5151743
436177
1039734
5190984
1254373
1299841
104124
149389
725855
4750569
4430835
738939
1301898
1223266
229778
4745262
905071
1396117
5229357
628378
276106
431606
1175740
85085
461865
982446
1367720
1320893
1255652
428952
5139185
9321304
584070
837141
1354149
1044299
797053
1115126
1369313
934131
703259
4319793
807854
279049
5416910
5001503
4671626
1328492
77311
1111081
1411302
94691
4291163
7789364
4998801
1044399
4544555
79752
891594
94674
414999
4771415
994458
615680
1138889
5261209
1140088
503546
5582022
1338495
5265672
839453
400841
428979
723534
416778
278024
1040432
5115724
941473
77259
892081
1112576
839599
1038281
952097
577257
840343
6797618
393873
5315062
4519926
161027
428704
1002724
893828
1209000
229266
1045501
1197773
5139215
4739556
4541663
1159835
6692715
230879
9006675
5315530
229309
1236286
1377963
229263
80776
95239
5359962
838998
1379986
915206
229687
5117546
1436042
5055773
1187937
394451
237232
1101308
431247
277559
43169
160927
4292836
77219
885605
796729
592111
4768980
963325
750272
255031
1352406
94196
738519
992628
5210016
4388692
1191457
687177
565109
1007422
4781118
321791
979303
395698
807928
4903128
1108508
354564
730947
229083
1307024
5121669
1179946
819374
95240
325741
5416815
919285
4917959
537155
1240317
918092
438355
5411677
77227
1272385
1229709
891645
5121781
395418
766899
5111852
958573
5085015
724702
681622
958575
4642864
839745
4860744
1229532
6358207
277536
694479
591870
276279
1008393
666942
6289168
184294
257946
5272214
394053
4727633
93931
678176
6751698
5494478
1245494
4425925
1278330
1134829
503686
1048087
1328404
5962590
1177507
411824
8590709
4889608
5116398
411734
533112
439734
1174261
1117415
4540127
435352
592192
1261954
277914
77220
394049
1221340
466426
5418667
672971
1273432
431127
462212
7983258
6601549
229223
4630575
4477084
1371047
1188292
596247
4836435
799284
4859971
1133454
532874
1041928
40736
1311824
161228
1211155
926062
95241
1245376
4889675
4711939
1202991
8299511
4859965
4837641
4541465
661015
5244981
1286342
664620
502312
1348396
1122832
252128
1386356
1112358
1230187
673086
575952
4693271
601076
481396
4536858
8870185
4675075
1316565
843768
406978
840501
964024
1040843
1112960
968605
911219
1202423
258553
466343
984274
1235081
1392525
453287
725827
1372274
8440969
578944
409225
5461760
498772
5368183
538484
1281404
1169270
279022
1306318
4745621
1355563
4833847
1166515
1378349
230000
1009107
1170235
414931
1200994
1378889
1332490
8350499
1046918
870265
4966566
251702
6375814
8957291
7269484
591861
6017354
5365827
477758
390365
4367589
569993
276206
6766833
102722
1296646
709991
1142598
1363058
94422
727222
1045649
277538
5501036
4965239
89598
398646
1192861
734161
4508163
540639
5941969
971160
687895
581175
915245
633993
927761
574444
957825
400748
1112543
565779
258581
1009556
4388698
5377687
1404737
1112103
843231
229159
4438484
1261622
86186
885344
342969
683001
893844
4411031
812101
844216
399155
4472243
1008307
1346367
466924
438216
46287
578946
8783150
231137
2040166
1021557
695809
79828
343763
6033688
1309552
84831
1272384
255604
975294
842766
1199085
1355223
1018221
4629312
4500232
1272561
910068
178718
420449
4796110
1134447
1161084
102714
760538
799433
397152
1047119
1042181
772254
5983629
409067
400022
1418910
1253502
80262
846885
1402309
6798442
467134
1037433
843668
251610
839104
1199917
5079770
255995
1311209
471775
4635246
1280210
1209062
1290127
102718
664009
1266434
1114920
5463355
1183824
495269
1320414
4825816
1245517
1040696
4765699
447445
820790
255145
94938
5518151
1006647
81444
659405
673387
1179239
4895015
178565
5146308
972838
251719
5497054
567192
855906
153022
1274629
1348180
1192755
1178701
542489
1112559
5010941
1115562
891652
1311145
891388
1045334
181535
1258177
1010737
505661
1220026
667269
4384695
460406
6558756
369682
4291151
5396334
4929848
990483
510091
838793
1406320
7092650
94413
405546
460140
4477744
94226
4947824
6062853
394052
1045132
400115
77134
574719
5253221
804666
277627
1219382
697464
405659
306580
709266
77250
1045249
749381
4493005
277564
401624
1200106
308433
271926
807444
426328
957236
1304172
425071
471569
5059764
1203037
178568
466529
1195990
947471
324656
436216
1101282
804606
422962
5061176
1309991
4946249
1406441
7238542
4382229
1108737
1297133
397416
4471789
1264182
416325
1007641
5368458
4707576
416828
949670
276205
5030035
1047557
591779
1045336
1244897
1232130
1380122
891612
260977
6143714
1436043
622126
501746
958554
1273277
6553393
277543
7104906
5353166
8308089
1132862
1238599
94730
1325310
401468
1370469
280488
6423804
276357
1007352
1266242
805011
4489449
421898
405694
754975
387468
1451274
709473
5366522
469223
252076
5005291
1037450
466360
839417
736211
1254206
1046846
1328428
848297
258550
1311628
5454685
4925929
6600221
1044759
5139576
1287626
5396730
260242
7923743
5134358
762076
811371
735359
840928
466545
184288
321817
81478
1420179
521592
843351
1273714
663171
408711
947462
827682
5331422
774330
1436770
1162901
406347
4672791
1303883
4689880
1245533
4964519
5094819
1333758
542041
492101
4294845
4843291
7026400
229620
1159410
1048277
1221477
230018
220047
780848
1351408
1309701
565228
989085
574736
1406458
784289
740776
1007943
991571
465336
5077440
579907
8408980
252044
4746054
843362
271695
778987
4320876
46149
1179155
1007503
8694232
4560033
5007021
1047634
843408
839289
1388827
4669416
229080
94679
89589
7581653
957391
580748
1347310
432367
5397833
5507772
461838
714207
968032
1350289
1164676
4845560
1187964
569073
573738
308343
89681
1304786
838517
572049
6580619
4363942
4383653
1008925
94929
5326378
4504681
1047908
256570
5307155
1271217
5267981
1202314
672397
4998737
1008252
5094021
714433
1113315
5107334
1044295
231993
823154
6458947
5395103
6430093
1040436
1392742
94183
542437
8721531
4543846
5097101
1268467
1209187
1045205
194195
6154219
1114279
307925
5356048
79820
1009424
1241196
838305
1114739
947470
580390
481521
6698375
94492
979309
394028
570721
1355719
4503208
1178526
1142603
934101
1101334
231145
4309041
2000306
7202787
161241
4727358
5379796
479695
412471
7078532
77387
837794
1289686
839008
477397
1320789
5368233
874999
231083
582400
565162
505736
1392643
426965
1245515
77386
1122150
5451772
997973
376727
4789593
5247638
4394801
591833
1048154
4982930
893393
1043987
1440534
1330972
506450
5041356
631754
395348
5115708
403978
5139145
1142166
1118052
1006651
1186085
1245332
888134
481554
1199745
325386
94334
793557
130664
945362
89633
719871
970167
77213
79661
4908671
4297156
5445316
1009681
748649
4308993
1331193
688258
1195113
4439036
5025012
1155378
701714
5445298
1410943
260128
84462
1190179
94660
1045504
5019877
85177
841016
1330386
4763717
4903742
1227762
573577
4504514
5253831
1202056
46142
5964836
932339
565062
1301713
1120194
397484
276360
928407
5088904
1162802
981330
229996
779038
395349
103878
81473
450174
843138
1235127
4899009
254771
810931
944184
1165156
908346
1291383
1047509
77279
229179
5310875
1178022
469625
597079
5089764
1321520
77303
1118291
584941
426368
885731
927138
1008346
484537
4551726
1402914
453318
532801
568144
818445
5139096
723700
4363487
260992
1406577
983078
1302772
891626
4899211
6458997
888808
400017
4845459
521809
4661348
5396827
1330785
736394
1278691
5921501
6458235
5155674
5080857
1005827
4644318
7519840
298112
1410683
891610
4769476
392517
975848
4789607
400753
93564
281874
927245
4644570
957906
161265
1142624
94398
654808
623182
1303040
4642879
574810
1143456
1178337
1371805
1112902
77280
4760805
934177
373388
1009475
1191096
230632
409267
794742
161238
5248356
1006683
94686
1415366
1008298
405677
281878
891688
947469
763776
744246
1159296
539686
5215310
1260090
592391
89541
153012
4917950
4825559
464849
207010
503023
2000742
839886
591987
258226
5136058
591840
989175
385859
194194
424280
1045121
6952042
716991
4743011
983145
4672773
1172191
1384617
594869
5515085
1309513
1049702
970176
4711940
715086
5089030
4908152
4527030
5515077
838534
762329
1245502
1341800
1045756
1446366
571914
1167864
7479109
5170043
841314
981290
838117
5082254
975850
1044571
837966
756148
94958
1196967
1198083
569787
1042826
1175021
4922369
1387121
1445230
681656
1046641
581768
840002
463689
161107
1240162
674015
1253191
1045825
6431904
1314843
1225454
431095
1009507
94997
1005828
1360000
424056
4891995
5016571
1112531
406988
4816711
601621
497178
1247372
1115132
1113046
893155
1396077
1281911
5248520
5315501
4540416
1118137
803719
5245405
5462452
463366
1006735
8883818
1007957
161099
1346744
1228882
1436755
1177526
512675
256137
79875
661212
77385
6012599
5081746
880629
439883
1190060
1209742
1005031
1301090
1432562
258070
1402880
4501430
1179228
1309507
302069
1006636
4396485
5069425
1158100
1007472
972793
251721
839908
80264
570074
412341
596145
1412084
259384
4542045
5244714
569961
5454310
1171967
1232982
1043400
1323118
260912
6065020
5232765
585282
7484574
1163044
893605
5330456
1415056
371105
1200364
573773
1113373
5140116
5057406
431170
1410023
1207240
231042
1046862
251725
1254138
77309
1103815
1002656
466542
400093
5437559
1045890
276243
6700941
4977632
487246
4426334
1330743
4982940
1200377
812255
4543075
424996
5315061
252008
5377020
4403520
1271140
4531399
1007043
1244418
708668
1445215
591845
405520
1113115
94223
460133
1071413
5403568
1236337
1236372
1114921
922155
44385
7735981
1174439
1414733
438466
46508
798323
5125764
968215
5195985
1263786
771193
431110
818762
308123
900004
94852
4843200
880644
162656
578921
893845
1252388
5401798
412343
1048711
4402159
1284316
427452
5699552
4700673
257808
4773771
1405779
89682
77347
430444
5122387
1346989
1209786
918943
500560
4292489
1008596
461787
891576
1048085
271758
4485067
1342761
565772
5212130
503148
4473126
79456
1301790
568588
5379179
5237997
94225
988790
808400
5141899
761263
392534
447450
1103793
542267
5099110
2045729
927671
397182
277326
1007465
1236766
1183584
918746
5512381
161157
475000
666906
565125
181581
523153
260913
280509
1328367
230371
998777
4475348
5399716
733481
84461
258253
1390690
500600
1271111
540854
4510601
5405673
1112254
271964
1328045
1252568
653902
497667
447648
281887
718240
885659
1395843
1008658
1436979
715318
4291806
44924
1214381
943358
6985015
8853251
43702
309607
429010
401566
5461946
279775
733342
5060843
1335594
733145
1291173
807847
1047638
1318601
1007961
4747615
6612602
1191660
4947173
1006563
4549968
1130837
504439
412371
1049344
837659
839157
84959
95180
438271
839953
5212290
1273210
648831
5140909
1112067
427909
229633
216683
4412315
255370
1231021
502027
85052
1311089
229562
2697750
913425
260888
405633
5265097
178719
719481
1311460
648762
279073
564843
1100408
702066
281882
732547
568018
416184
778952
181150
262963
1322676
160897
4780461
467042
229381
891559
6038926
428954
79847
308848
1365994
1150571
401639
1246988
1013917
400995
45679
230745
4974384
1273065
82496
1435360
698579
4541871
585191
838492
1112298
431164
397413
256464
893775
491863
178563
596479
1338241
1355507
229167
1201746
771468
1322881
404897
1115711
257785
327449
5368282
1354052
412338
1004803
1239664
4308367
888231
844223
1297512
1129662
471870
1187903
4720906
644788
842503
1002913
1115326
229550
89600
6548094
41632
6584388
1007455
5357478
1186526
4450414
5143788
670156
730948
230571
1392645
517438
582345
1045892
5422074
4846037
4825338
79846
1249289
277569
7079109
4473156
4934994
968283
46217
1263845
893442
402947
42552
4456374
6427037
567065
1171979
818955
1272547
1297200
1445076
161016
665981
585383
843819
961723
842414
447668
1103814
4771175
85031
214333
5900587
414892
5312589
1365988
736324
1396719
1046736
4412182
1338307
401449
1232285
961151
839902
4456433
907800
1390826
4421801
945388
4635061
43046
1115391
1166571
842336
5020902
5652600
5354984
970032
5699221
470777
1262921
5401209
928935
1111911
260398
891438
1188415
779052
386286
1132500
5463560
4713046
4999607
4316798
733151
975176
6990425
86234
580655
5255662
1315459
1333556
724244
1045197
571268
1112260
823674
1046305
1030256
1137755
1008708
839174
4420301
1291169
405625
276356
4814792
402528
1046513
1043850
694393
229817
4900358
1144174
1048695
251959
1047995
843400
586461
1261996
723030
1385287
1309595
1322315
1057518
795260
1112969
579843
818742
494186
6802577
994636
1008784
1399261
4396499
6285965
8472577
5264504
1399464
5332713
1382920
579606
1174264
5609998
957250
89641
4509734
5506077
5451379
4402886
1210011
89678
1292123
490462
4294378
906742
1302210
671759
986651
574252
81434
5515718
5101258
471875
818448
4707059
4893117
4909245
161262
4416297
229998
1344398
4369133
451181
677565
1224066
426297
5352982
714192
1273699
7079974
1124140
979311
399965
401122
325750
5447301
5401103
255671
841605
1391337
4522391
4478564
838994
259393
397585
891589
807594
427129
957931
4475473
1162768
539690
447272
5407781
1231445
1228442
581094
4312979
5274192
1042591
891366
5411563
840106
5217709
5303365
1252729
1392764
1366086
1044830
882408
4780424
972878
4404651
1297198
94678
1235219
94583
455381
1006693
94219
1309174
922200
980411
838535
1316569
731696
1007529
4467466
5320197
6022295
418845
229272
5399663
517338
1435752
1179447
1007385
1356210
5428799
629955
279548
79825
42147
1263607
1132285
771363
707409
5107227
1097487
940683
533136
1176172
1040421
77319
4824192
1142354
566058
598485
1145748
404011
820679
402938
491547
4438738
501717
677725
1199879
450186
837757
973052
738451
5354968
400842
733888
279077
1170183
397449
743445
1171922
1337287
433849
295048
1260307
1311396
998773
6157707
1048567
1041251
5632573
452968
662464
256512
4701439
4492470
1172381
5263181
8755906
725538
933284
1115712
1163095
5437071
1206901
468147
4357684
5060265
1151092
4707066
1043826
231081
692943
425974
229162
1302906
4836083
762230
1392470
648887
79765
4490414
1002684
574910
674243
453150
1112625
79760
404124
1254433
277652
820513
294989
4356004
665654
1219156
808208
1009086
5125322
502845
5365823
804757
958543
103507
842264
998844
581693
6166512
401157
404939
671709
161227
1417655
4696000
4294592
930544
1156358
4537538
973750
416787
325721
6324930
1227923
262973
1335598
779980
1410389
570147
1412438
1333743
1318867
422909
1178045
4477150
258549
5229364
804476
888207
1263496
841618
7287420
732519
692830
1114854
4446104
977754
1379173
700587
1449321
271762
1209088
42361
933326
4899038
469563
1311919
799720
1304176
1039854
694463
1138406
510335
798660
5068562
732373
4394771
4910542
279133
929769
471027
95234
5367251
452809
1045251
412372
1049362
1282979
7109676
260995
1309228
8861616
986595
1256366
89539
818782
772832
1112749
840941
1341038
95481
1008085
587984
77218
5121906
7446876
280179
1047541
470703
1301508
5941257
1187966
4369234
1194396
1253834
95891
656730
44457
6600202
892234
7293987
942280
1047938
5400749
229496
161046
1271262
5100626
417833
4920605
673852
4888980
4513744
90206
94221
344169
737705
972213
4646273
1173983
1378891
656559
272421
5408260
1348091
570073
4541449
586662
1179409
565197
673465
656826
178569
718242
1384624
1047915
1313211
1195649
782229
416181
139015
982730
1252906
6141858
5091936
447658
89587
4909330
883270
807630
229152
1118647
731958
1040732
455241
322063
495591
1263595
1112179
557760
1008432
311095
1249226
842266
5137054
6579800
5388439
77281
5271215
1008292
414889
402941
5069342
1176115
652585
1039674
708666
1252299
4974490
698086
1101321
978854
1138992
1105436
1162628
1351060
4396199
6058297
762087
4485223
669362
840738
87214
891657
6329360
4726114
630101
77135
1049419
256148
1007436
44025
1040154
79564
1047795
1045213
5130707
323192
5507035
817942
412366
467957
94681
542438
838540
677722
81436
5396130
1267353
1172706
1111741
1290226
320835
913403
5377063
1163856
422771
900049
1272633
721079
1354102
1177920
842208
712804
839244
94588
817507
803148
1272958
7652015
1301666
81433
594828
490346
1046051
842114
1111709
630080
5080554
1268730
1008390
40819
1046640
161194
277545
1212764
4535081
4838825
731962
923462
466466
254964
5398133
5245026
390371
4397594
817510
893606
95309
1008482
4709237
4413827
1101983
1046267
1232164
160989
592155
6214850
882263
630132
4367910
647422
5058472
1188597
762381
567123
4489843
756743
1174230
818775
576021
5626999
1408287
1347744
579473
229363
6303281
4795888
1448424
1171932
5918735
1046704
843006
4493049
1209362
609246
841371
1130781
603147
94222
724896
696053
4890629
1332407
1192529
1412486
669668
1192866
5249436
891439
542302
5511525
81096
4493018
1209836
41602
588761
86191
1282706
5188714
4414863
762172
487573
573312
1145306
581189
462353
280145
81435
1355158
231025
584777
894877
943876
574281
558127
5116689
1263458
4539419
592197
4973102
79845
1047497
971143
904805
77298
1148216
1262941
977493
1048083
574630
79861
1200059
521489
1006633
1355296
5330292
1227739
861565
1295920
1345986
229066
1259371
968829
980825
717293
840574
648614
5124443
4699684
979312
804706
1263575
6589776
667871
93571
818897
708268
94749
1202266
4530192
95187
972781
1046441
401515
723290
1004780
94297
5461804
954289
5387326
1405775
255670
1115161
1261941
4696541
4929666
94667
77247
1172552
43231
573866
392161
1322798
1008398
1236435
5506166
4399476
4540347
214312
231093
5139249
418903
4364733
8942289
84472
84961
1445918
419621
4544453
709862
1383059
260377
1187729
749388
85057
5501191
716029
1272433
277548
1178199
1048698
260310
1253333
77275
89684
4370944
84960
688829
5405658
1112790
715171
918747
1043604
732571
591824
4504572
4456654
81035
7316538
1200037
737589
6121880
395374
4693267
1228438
94384
891714
422911
79906
855925
5452335
1118176
1008543
566978
952934
81474
1117967
5379471
1264562
719940
79583
1432532
46628
1392934
1346720
93572
993176
713978
1272097
503296
957244
466990
1245503
252123
463684
1229579
453372
1008327
89676
4419672
627273
1112797
160896
95632
422887
568326
1405927
491522
4367624
77291
4890348
1224608
396481
880751
941521
748140
280157
1346405
841568
153013
271501
4742511
474700
1199731
5139658
229087
1263422
841713
1046960
1319043
4675392
1044486
1321155
1112955
1281929
1188984
1045823
4395192
1274452
1113000
4867184
738452
1366142
1115149
181153
89655
736157
5355824
769244
5027307
1171931
1040434
1200321
4667314
1314857
888096
601938
820722
861614
5260372
416830
4547753
5457394
1172074
1048528
501985
4303661
4420223
1188016
977734
1346006
1009526
5001241
1233464
4468044
633825
467958
796030
1112363
774797
1199943
1046029
1008970
1007504
85034
5408163
586649
95191
400700
788277
4672347
95172
965849
503233
1355050
1263653
1243930
1311241
5506167
1008574
4490570
861662
470344
565746
161175
79844
444969
391889
838913
4456370
1216661
1397749
4919015
965848
1045737
1348105
891683
2044776
1216942
1254370
1183069
4477341
194034
1347334
417842
6437423
990786
4425059
4428429
4819518
5927251
79819
771612
5002530
841677
421422
1311083
1043854
230374
4872515
1378937
1321922
4536090
501893
5138854
424514
5002282
1261541
252537
532800
1282229
1409125
692912
1176120
806717
466504
661042
1045654
5271229
4308326
926854
745939
652837
1007962
460576
4697936
1252965
807474
1006726
181807
5500814
1415690
1436639
255727
4412194
231037
922024
1208544
89542
5374052
1448685
4480194
689887
841477
1389680
4422896
259849
4295117
740886
681879
1178279
80742
921477
712776
1008365
5458390
1138780
1235971
254978
577325
738318
4471054
1108686
81482
402957
564877
4531494
1382406
5139869
1174219
2001315
1006637
472182
432714
405668
1022007
42549
887610
1161788
1312095
1338384
1262867
4297159
228885
1236341
1440852
1044497
1171940
161166
4666521
1261534
1162807
880743
4992678
839452
1043782
5454228
1261983
79818
922162
745220
677719
1214987
4485304
1047498
4308954
1111776
1283381
1008118
81038
4819736
804728
4526468
4511592
4492992
4703386
817945
923516
708110
826050
4511737
4498603
1281152
939002
1410794
586685
1331649
4909559
421395
701584
1044254
521722
766149
972200
1224096
493757
737999
4673107
1426455
1045622
1043837
924349
44245
958578
5297222
4889432
984320
1007866
674032
1049171
1046272
581129
678555
1162821
4881437
5398176
151513
1282758
1048221
5424970
797034
1301939
1254840
77183
4909669
1320895
1112449
1047617
1153445
4360154
1265739
487211
1421698
6996362
957393
1169469
1127489
414891
958513
846894
790322
1447322
944829
721650
5002529
386715
984253
998790
761309
534924
800353
1346615
1318982
1138779
4833816
972889
43783
733636
81483
422896
790336
818707
566602
4972514
4397762
655912
8992736
730033
948263
181548
1004226
161032
4476454
821526
1211836
4747727
6224621
780619
768062
602456
972587
820540
1331277
1214394
913049
4780333
5506021
954141
794452
1174294
4626683
79571
4481731
1118153
574690
1283732
844067
4295380
1304211
1398913
5456445
592052
709798
178713
581500
992645
4446937
1309543
4453513
1431133
1197901
809154
414964
1115365
1283608
664424
1117685
279039
855898
581286
880643
5433800
4472200
707366
4537537
972775
178566
471825
1134613
1130970
77051
984331
803363
1221677
260901
81358
252023
4424478
1049335
923146
723644
616313
426030
281893
573840
1293994
1398914
839299
891578
4522058
1009255
1356505
471002
4852097
5452644
738513
232247
984318
843207
582208
988864
250777
4646634
4387951
1189849
161261
1254069
4968949
81344
796834
1115103
1195650
1438382
1356670
545655
1181230
1345866
891441
1090179
1292680
470911
1044468
668250
842986
1218997
41562
741231
893459
582359
822704
277565
5218526
1300450
4519618
675211
1330639
260243
446052
747494
4523939
295050
1048335
472248
5452974
460589
1318635
5582628
574907
1328337
1048143
502178
79741
5152576
1338067
795812
1289036
1407744
817508
1173629
927627
4308621
893830
765093
566493
981103
1115041
5378717
1405773
1193043
875215
4533538
1343926
869554
1254869
1272376
1006699
81023
767164
714095
994676
161242
692425
1190375
5396315
1007975
1311660
1137249
842590
414973
1044939
4693201
4326865
710853
1234916
87908
1112702
977755
737843
1100376
681995
94673
1283443
736182
79568
94083
687362
957395
94890
4639617
969141
582476
1046252
574740
415001
843778
891433
968767
1209839
932515
251734
1311485
1392666
730926
585329
1379545
1374535
840071
1263067
1339743
842408
5451289
719762
281885
1160046
818185
797916
970916
840744
1209203
4290977
1049380
1101235
676525
673871
846892
1049778
5315058
1256284
838280
672861
436244
891611
251809
4361620
1162885
1097438
1289583
1007563
229081
5170235
713333
1007931
77052
4652297
5497062
417715
5024113
455368
1100424
1245486
1379075
885737
1171895
994667
1142668
686841
229458
1178548
949047
978853
585316
5166454
1209850
1228344
1048671
1165440
46138
501965
5255607
796705
1384808
505748
281804
94983
794990
7176947
508365
687812
762194
462765
1041248
839711
1263501
863829
1219257
254814
600835
472329
584028
1434190
4635062
5237405
1322678
928372
1320559
782994
924223
1142552
462649
1394680
708065
909854
986680
880716
843049
43732
994468
5276678
693415
1047269
1128880
565161
5333424
89597
471783
1311539
1255126
1040562
866007
1264102
984001
5500674
1291310
5461927
818284
4326720
762373
1242204
1100367
5030715
584136
94106
4530267
278143
402955
805092
5056285
5297246
418697
397251
1227460
1040428
574688
773928
880719
838262
38898
256218
229178
842096
77277
5165951
5493676
1277987
1301516
1189947
1253157
4765525
276268
5459013
1045758
1293403
1007523
1399056
1328359
929473
198923
6559163
1317950
733436
732441
957807
571267
4432460
839686
1435343
1263399
565035
474374
161087
1355058
4728548
1101328
4898924
1190304
1129490
1367856
924222
94331
618935
973053
474779
252106
1189826
1294121
4540940
94672
1259467
591843
229861
4440202
784529
1200706
271970
1405930
1040949
94116
591964
231141
5275404
652771
888109
4398080
4760854
1048602
687929
1137936
4403001
1049751
824275
674019
477405
1002677
4825308
968843
1049547
989089
6224623
461353
1245667
991739
790391
6164017
1190441
1338006
5444474
1435087
1115221
89607
1311615
4670680
324657
764487
1008571
1044279
94249
924910
714102
1388588
271748
992641
445186
1140676
817509
1108352
4760889
5154341
1049310
1171911
818708
592293
355828
449993
768068
85208
395106
405644
1245958
986594
77388
1115630
1408864
818778
1008491
511363
701593
984284
688270
508647
893150
1285083
1044616
1144179
904907
1207237
807042
780307
701722
1223947
1203040
839356
869535
6553560
1046844
1231016
1045553
666955
1046229
701756
1008339
1363072
940678
417846
503264
669089
1045891
749562
1321182
257766
84793
542353
1278808
5147827
981352
841615
661938
5020984
1304458
1047774
5237286
161142
1113116
518075
412173
474751
4324714
1006673
4470538
4397580
694406
453309
5376320
821565
1209697
574704
1140015
1302026
926044
2043475
4746474
581937
1162527
5217330
684449
808674
582358
1111975
5250278
308625
258054
717994
5144175
585100
86193
1388641
178720
1338255
737644
4714902
1234855
1228049
1195651
859908
958500
986788
77191
696973
1093784
1108690
1209244
1006739
661210
5420584
4541515
601854
699617
412342
412375
77270
1113024
1316617
1395366
573245
4550911
958468
690738
77185
1309418
675488
1007909
1334847
1162631
77381
1112513
77217
804748
1179113
1254041
1398476
474749
77261
1263485
1338269
1311410
585727
592383
1235046
5276677
756487
89518
394375
1171650
837646
1337642
1111704
1343318
891337
5512084
1113099
4885823
1309707
1071384
84342
942397
79923
85020
803233
4994559
843389
4867443
733419
574497
1117735
492613
863009
1387213
4526286
557806
1350067
463401
1189907
1047817
44076
6356862
603888
95232
804876
963340
1223274
2045005
1266998
1044487
1108395
43254
243595
5117259
992490
838053
996399
257386
1112966
431219
5139807
252089
614026
841914
1138750
584956
743975
929776
77043
5319826
614015
723959
1203039
1394131
277535
405627
161151
1108681
733493
4394779
260136
409640
1399228
1363091
1209420
1311065
5235023
780314
412344
762203
1108685
5212502
1008439
518192
93933
602284
1159922
1236796
1437860
5437615
1112514
988056
585595
77046
325788
77284
1191043
962012
1287347
1330161
803896
1291108
469619
818971
45880
1306638
789914
1108899
893361
927789
1236515
1421587
796660
790343
622652
258547
771194
940680
89540
1387128
4476467
1177496
826743
1161789
1323064
4357563
1032606
94088
582314
161101
924290
817506
1231407
1112089
89595
568082
4445150
1120247
767379
1171652
84358
4402867
1045972
4857811
691663
253245
1147693
258382
839458
94103
766178
732760
4476885
1227993
1412463
1254133
1048576
924229
708789
81426
79848
4360157
1045172
727157
996611
947758
392206
1007426
401522
485542
501998
1398965
1009510
1111018
891359
589167
1011528
161252
5106881
682468
893621
5394545
2000461
1330171
195523
1118138
1312007
841046
251568
4489825
1108682
1253633
665236
258048
252003
1197956
610422
453191
161268
378244
1228254
277537
5388902
79920
932068
923524
77042
5107166
77164
428930
460586
1046206
1350287
5935451
1037585
780306
1178445
682255
988784
823594
961719
1167154
913033
79429
160958
401152
1142153
104122
655800
1322389
5365497
732568
77202
2000034
95231
424970
1200189
1040419
1044004
306084
1301710
1044102
681831
1236393
178710
77044
716587
4642803
581653
4365427
508161
77039
178707
4642708
958607
915196
571335
256124
591929
502838
935898
1227803
1316601
5019944
1355060
404900
1405843
687595
1311936
685246
1224067
4647040
5304403
838050
1392743
820638
6605654
46483
478491
1355059
5059049
464963
4443734
1100777
